name: blast
channels:
  - bioconda
  - conda-forge
dependencies:
  - _libgcc_mutex=0.1=conda_forge
  - _openmp_mutex=4.5=2_gnu
  - biopython=1.79=py37h540881e_2
  - blast=2.10.1=pl526he19e7b1_3
  - bzip2=1.0.8=hd590300_5
  - ca-certificates=2024.7.4=hbcca054_0
  - curl=7.71.1=he644dc0_3
  - entrez-direct=22.1=he881be0_0
  - gettext=0.22.5=h59595ed_2
  - gettext-tools=0.22.5=h59595ed_2
  - krb5=1.17.2=h926e7f8_0
  - ld_impl_linux-64=2.40=hf3520f5_7
  - libasprintf=0.22.5=h661eb56_2
  - libasprintf-devel=0.22.5=h661eb56_2
  - libblas=3.9.0=23_linux64_openblas
  - libcblas=3.9.0=23_linux64_openblas
  - libcurl=7.71.1=hcdd3856_3
  - libedit=3.1.20191231=he28a2e2_2
  - libffi=3.4.2=h7f98852_5
  - libgcc-ng=14.1.0=h77fa898_0
  - libgettextpo=0.22.5=h59595ed_2
  - libgettextpo-devel=0.22.5=h59595ed_2
  - libgfortran-ng=14.1.0=h69a702a_0
  - libgfortran5=14.1.0=hc5f4f2c_0
  - libgomp=14.1.0=h77fa898_0
  - libidn2=2.3.7=hd590300_0
  - liblapack=3.9.0=23_linux64_openblas
  - libnsl=2.0.1=hd590300_0
  - libopenblas=0.3.27=pthreads_hac2b453_1
  - libsqlite=3.46.0=hde9e2c9_0
  - libssh2=1.10.0=haa6b8db_3
  - libstdcxx-ng=14.1.0=hc0a3c3a_0
  - libunistring=0.9.10=h7f98852_0
  - libzlib=1.2.13=h4ab18f5_6
  - ncbi-datasets-cli=16.27.1=ha770c72_0
  - ncurses=6.5=h59595ed_0
  - numpy=1.21.6=py37h976b520_0
  - openssl=1.1.1w=hd590300_0
  - pcre=8.45=h9c3ff4c_0
  - perl=5.26.2=h36c2ea0_1008
  - perl-archive-tar=2.32=pl526_0
  - perl-carp=1.38=pl526_3
  - perl-common-sense=3.74=pl526_2
  - perl-compress-raw-bzip2=2.087=pl526he1b5a44_0
  - perl-compress-raw-zlib=2.087=pl526hc9558a2_0
  - perl-exporter=5.72=pl526_1
  - perl-exporter-tiny=1.002001=pl526_0
  - perl-extutils-makemaker=7.36=pl526_1
  - perl-io-compress=2.087=pl526he1b5a44_0
  - perl-io-zlib=1.10=pl526_2
  - perl-json=4.02=pl526_0
  - perl-json-xs=2.34=pl526h6bb024c_3
  - perl-list-moreutils=0.428=pl526_1
  - perl-list-moreutils-xs=0.428=pl526_0
  - perl-pathtools=3.75=pl526h14c3975_1
  - perl-scalar-list-utils=1.52=pl526h516909a_0
  - perl-types-serialiser=1.0=pl526_2
  - perl-xsloader=0.24=pl526_0
  - pip=22.1.2=pyhd8ed1ab_0
  - python=3.7.12=hb7a2778_100_cpython
  - python_abi=3.7=4_cp37m
  - readline=8.2=h8228510_1
  - setuptools=65.6.3=pyhd8ed1ab_0
  - sqlite=3.46.0=h6d4b2fc_0
  - tk=8.6.13=noxft_h4845f30_101
  - wget=1.20.3=ha56f1ee_1
  - wheel=0.34.2=py37_0
  - xz=5.2.6=h166bdaf_0
  - zlib=1.2.13=h4ab18f5_6
prefix: /home/rk2643/miniforge3/envs/blast
